371062
371108
371120
371141
371146
371148
371310
371317
371322
371453
371491
371493
371553
371592
371600
371615
371645
371683
371793
371812
371833
371835
371838
371850
371855
371911
371916
371928
371942
371943
371953
371975
372028
372032
372133
372143
372216
372234
394484
394605
394636
394690
394708
394832
394856
394902
395025
395049
395309
395330
395427
395449
395504
395543
395612
395712
395770
395881
395957
31741
396044
396204
396206
396235
396259
396283
396344
396370
432774
432794
432830
432884
432900
432915
432961
433000
433019
433027
433036
433053
433159
433160
433162
433167
433210
433226
433243
433248
433251
433264
433368
433384
433461
302986
303031
303042
303059
303178
306029
306069
306367
306371
306479
306513
306520
303196
303202
303211
303214
303375
303376
303541
303587
303611
303653
303749
303751
303761
303788
303813
303879
303972
352121
352295
352306
352311
352365
352430
352432
352570
352635
352678
311134
311211
311238
311322
311359
311398
306746
306748
306781
306885
306890
306893
306908
307036
307072
307099
307142
307179
307193
307207
307225
307243
307244
307273
307314
307363
307414
307422
307431
307526
307528
307544
307681
307751
307754
307760
307775
307794
307817
307901
307922
307928
307946
307973
308073
308103
308111
308141
308184
435048
435066
435085
255677
255739
255830
255840
255900
285958
285992
286023
286044
286070
286091
285135
285161
285173
285270
285344
285359
286601
286616
286715
286716
286850
286919
287042
287184
287252
287263
287372
287403
287413
287415
287499
287512
287519
287528
287625
410197
410218
410239
410329
410370
250921
250973
250979
250996
251035
251063
251156
251357
251536
251549
251552
251573
252129
252145
252170
252264
252276
252280
252377
252846
252914
252996
253013
253023
253124
253128
253129
253179
251601
251713
251756
251767
251820
251828
251914
252462
252524
252605
252719
252739
252751
252771
252795
253210
253278
253303
253315
400633
400726
400852
400867
400914
400916
401068
401069
401072
401132
452030
452216
459258
459322
459351
459442
459444
459459
459478
459485
456265
456360
456486
459783
459795
459805
459827
459845
459861
459931
459937
459951
459965
457098
457116
457119
457179
457194
452517
452542
452558
452572
452582
452682
452726
461002
461020
461035
461056
461087
226244
226380
226389
226456
226616
226824
226890
226932
227118
227136
227277
227326
227524
455398
455447
455473
455489
455522
455523
455543
455595
455605
455638
455683
455698
455711
455750
461503
461570
461590
453022
453027
453066
453082
453233
461258
461341
461407
461421
461440
461486
461500
462808
462850
462859
462905
462922
462976
462984
458009
458017
458026
458039
469808
469831
469858
469868
469879
469911
469925
469931
463538
463553
463555
463632
200009
200020
200925
200781
200795
200800
201023
201184
201381
201225
201253
408342
408395
404632
405721
405821
405953
406170
406300
406431
406442
406609
406728
406915
407204
407226
407530
407682
407914
408351
408478
408479
408494
408502
408523
408656
408704
408768
408782
408783
408794
408800
408834
408849
408854
372241
372243
372255
372283
372374
372420
372669
372678
372704
372788
372789
372838
372927
376062
376282
376289
376290
376414
376477
376525
376544
376634
376672
376691
376703
376837
361616
361665
361678
361686
361715
361751
361752
361812
361822
361830
362035
362043
362212
362260
362508
362517
362607
362609
362626
362653
362675
362682
362776
362823
362826
362828
362839
362857
362887
362899
362914
363005
363012
363053
363211
363471
363552
363603
363633
350309
350344
350397
350406
350447
350474
350484
350651
350804
350884
350915
350933
351010
351067
351083
351085
351195
351201
351208
351230
351243
351249
351252
351259
351401
351402
351414
351459
351482
351520
351633
351638
351685
351710
351754
351833
351867
351874
351901
352003
352030
352043
292879
292348
292352
292364
292368
292381
292411
292463
292506
292521
292546
292594
291514
404617
404619
404675
404688
404717
404053
404077
404085
404140
404142
404154
404162
404236
404237
404280
404284
404463
404470
404502
404559
404573
404960
404965
431518
431521
431538
431553
431561
431626
431660
431698
431724
431736
431766
431827
431831
431874
431888
431928
431933
431943
431981
431990
409078
409116
409144
409205
409276
409283
409302
409355
409371
409422
409429
409543
409547
409564
409568
409581
409582
409602
409622
481244
481248
465008
465014
465016
465028
465032
465037
465042
465128
465152
465217
475009
475069
475124
1396243
475140
475173
475174
475185
475201
464752
464799
464829
464844
280911
280953
281031
281146
281241
279815
279835
281261
281331
281336
281416
281452
281462
28745
281641
281660
281681
282048
282093
282130
282216
282220
282226
282246
282583
282603
282677
282685
778989
282772
282809
282839
282868
282933
282949
281756
281782
281962
282332
332215
332225
332253
332264
332278
332294
332308
332314
332384
332431
332436
332445
332468
332595
332647
332651
332695
332743
332783
332791
332814
332846
332967
332974
331015
331019
331023
331028
331042
331057
331086
331178
331233
331405
331423
331432
331454
331535
331541
331623
331629
331648
331704
331729
299416
299426
299450
299476
299593
299704
299712
299742
299780
299832
299911
299944
299950
300007
300028
300094
300138
300168
300211
300215
300243
300249
300254
300290
300299
300389
300410
300466
300504
300509
300535
300562
393072
393259
393309
393323
393340
393345
393348
393415
393421
393434
393439
393453
393492
393513
393514
393518
393568
393649
393667
393670
393748
393808
393855
393891
393892
393928
394008
394030
394052
394068
394109
394211
394224
394231
394243
394260
394271
394282
394425
394444
398952
399044
399049
399120
399143
399209
399213
399247
399249
399251
399253
399405
399436
399601
399602
399672
399708
399847
399890
399897
399906
399958
399977
399989
1575932
400004
400084
400151
400174
400210
400271
400316
400328
400433
400498
400522
400539
400546
521794
521805
521808
521845
517754
517770
517808
517828
517834
517854
517895
517896
517918
517928
517939
517945
517946
517950
514262
514264
514277
514302
514321
514323
514365
514392
514393
514404
514440
520526
520573
520602
520618
520622
520625
520710
520724
519325
519343
519388
519399
519400
519408
519411
519412
519440
519445
519449
519456
519486
519488
512059
512073
512113
512114
512117
512196
512217
512241
512243
512246
512301
512304
512347
512366
512409
512417
470560
470568
470638
470659
481846
481860
481880
481919
481930
481936
481963
481972
481993
461258
481252
481260
481264
481324
481333
481350
481352
481373
474038
474042
474045
474052
474064
474093
474141
474156
474207
474210
474230
470049
470062
470083
470092
470101
470105
331834
336067
336133
336136
336211
336268
336278
336282
336293
336447
336458
336523
336576
336595
336657
336693
336726
336805
336955
337012
337112
337225
337244
337262
337353
337360
337413
337466
337477
337533
337670
337715
337820
337821
337845
337861
337863
337945
338016
338023
338070
426672
426704
426709
426713
426800
426805
426818
426828
426904
426931
484607
484681
484693
491337
491346
491349
491376
491425
482265
482350
482379
482385
482444
482469
482478
484280
484299
484300
484317
484365
484395
484438
484494
490520
490566
490633
490641
490708
490728
490734
486803
486843
486926
486938
486549
486555
486581
486622
486658
486672
486689
486693
486710
488774
488794
488813
488822
488842
488864
488872
488912
488987
488999
482523
218525
218620
218775
218776
218785
218814
218898
218952
219004
219077
219129
219136
219211
302900
302930
322384
322393
322451
322456
322611
322726
322728
322760
322821
322837
322899
322926
323007
323017
323030
323070
323072
323073
323092
323199
323200
323203
323204
323205
323469
323570
323590
323594
323603
323701
323748
323816
323829
323846
323860
323918
324103
324201
324215
324279
324426
324499
324551
324596
324644
324655
324799
324801
324828
324843
325216
321123
321168
321173
321174
321187
321328
321378
321433
321441
293313
293350
293380
293381
293897
293912
295078
295179
295181
295287
294712
294715
294881
294912
294913
276555
276596
276646
276649
276661
276703
276748
294105
294117
294132
294160
294178
294206
294240
294269
294270
294160
294178
294206
305923
305948
305957
305998
306009
301821
301826
301893
301900
302065
302119
302181
302372
309013
309122
309131
309136
309241
309257
309311
309325
309327
309351
309395
309424
309441
425491
425519
425557
425583
425586
425616
425630
425715
425727
425754
425834
425896
425902
425936
425959
425989
426100
426128
426186
426244
426321
426363
426366
426372
426381
426386
426396
426429
426480
426545
426558
426565
426577
426643
240217
240220
240193
240409
240566
240681
240682
240703
240872
240885
240018
240024
240118
240128
240095
240939
241528
241560
241566
241730
241091
241173
496924
496927
496963
496969
496993
260797
261424
261436
261594
261596
261604
261620
261650
261700
260967
260998
261052
261133
261197
261219
261228
261235
261759
261802
261831
261893
261966
262055
262265
262439
262461
262499
262507
262547
262559
262567
262579
262599
263280
263343
263361
263388
263391
204985
263543
263571
203528
203539
203345
203756
203691
204223
204226
204271
204274
204045
243452
243593
243623
243635
243837
243849
243984
244008
244014
244019
244182
377613
377654
377668
377728
377824
377842
378040
378052
378136
378145
378151
378212
378234
378311
378417
378452
378466
378474
378478
378531
378637
378656
378691
378706
378813
378831
378833
378855
378870
378900
378907
379063
379074
379086
379177
379235
379264
379274
379429
379437
379439
379445
379486
379500
379666
379802
379845
379858
380628
201529
201547
201507
201514
201669
201685
201969
201898
201852
201888
202197
202232
202290
202293
202481
202379
202509
202535
202537
202543
202598
202614
202925
202722
202757
202773
202815
202833
202844
203218
203247
203293
203003
203027
203446
404352
404404
404443
404460
404582
404876
404898
219298
219337
219371
219372
219593
219629
219640
219679
219698
220357
220842
220474
220370
220433
220383
220978
220732
220796
220024
220025
220147
220161
220169
450045
450064
450142
450149
450161
450210
450253
450258
450288
450308
450357
450400
450416
450429
450450
450453
450461
450480
450497
450506
450536
450556
450640
450696
450716
450748
450750
450770
450860
450907
450961
450988
450993
478345
478349
478436
478444
478466
463741
463746
459508
459509
459546
459591
459608
459610
459640
459741
454753
454818
454825
454853
454868
454958
454996
463052
463080
463105
463126
463185
463194
463207
910526
480924
480989
453768
483182
483207
483234
483250
490004
490050
490078
490101
490129
490130
490182
490191
490197
490199
490243
490249
485518
485562
485563
485569
485577
485592
485639
485674
485697
485721
483769
483774
483778
483801
483829
483868
483914
483974
483975
488517
488574
488594
488628
488643
488715
488736
483504
483505
483509
483525
483557
208711
208630
208679
208963
209028
209141
209183
209443
209448
209478
209324
209347
209384
209388
209233
209239
209298
209748
209548
209639
209676
210442
210798
210799
210609
210674
210588
210832
210871
211094
211235
211499
343887
343915
344060
344068
344113
344119
344160
344165
344200
344205
344224
344233
344336
344415
344419
344442
344482
344561
344578
344608
344655
344719
224014
405097
405297
405298
405317
405344
405402
405417
405496
405500
405510
405538
405586
405599
405624
405683
405822
405833
405853
405883
405885
405963
406036
406046
406063
406093
406120
406228
73569
406306
406312
448656
448681
448733
448739
448842
448869
448878
448889
448926
448934
448953
448956
448969
448977
448983
449073
449128
449163
449176
449198
449254
449297
449340
449351
449353
449371
449373
449390
449426
449444
449453
449459
449517
449537
449583
449585
329992
327025
327049
327127
327204
327242
327281
327296
327416
327472
327650
327675
327699
341186
341258
341270
341322
341375
341400
341418
341668
341682
341717
341807
341809
342010
342059
342120
342123
342230
342237
342267
342275
342286
342312
342389
342400
342422
342467
342469
342552
342558
342617
342642
342701
342731
342740
342778
342794
342883
342904
342968
342995
343019
343073
343097
343105
343232
343293
343304
343427
343459
353425
353448
353609
353668
353669
353731
353781
353802
353808
353846
353847
353875
353879
353885
354005
354035
354044
354157
354211
354252
354298
354322
354324
354339
354440
354491
354499
354559
354562
354584
354648
354659
354750
354800
354846
354866
354873
355018
355025
355050
355209
355214
355229
355407
355615
513347
513415
513446
513474
513483
502008
502047
502070
502078
502083
502086
502162
502179
502221
502259
502296
502331
502369
502386
502396
502447
502464
502479
502491
515768
515816
515827
515832
515882
787572
515927
515972
518050
518073
518106
476484
485300
485308
485322
485337
485342
485363
485444
485482
485485
485488
485497
489270
489308
489376
489402
489414
489422
489424
489459
489552
489568
489585
489590
489596
489640
489708
348800
349387
349389
349426
349430
349464
349468
349475
349541
349868
357425
346043
346073
346110
346603
346673
346843
346877
346895
346896
347033
347034
347051
347065
347209
347240
347269
347270
347278
347384
347555
347611
347747
347770
347790
347812
347822
350026
350069
350089
350107
350124
350134
350145
350150
350151
350180
350229
204046
204054
203923
204310
204400
204539
204488
204763
204772
204795
205997
205936
205869
205877
205893
205832
205792
205701
205615
205635
205038
205060
205064
205117
205190
205208
205210
205286
205533
238989
239035
239056
239152
239189
239273
239311
239328
239375
239428
239681
239750
239767
285575
291102
291140
291265
291318
288150
288218
288242
288270
288365
288729
288878
288883
288888
288899
288906
288985
289399
464876
464883
464887
464892
464961
481510
481653
481718
481728
481747
455522
455523
455543
476026
476038
476083
476084
476094
476098
476139
476163
476169
476215
476752
476755
476797
476818
476821
476833
476838
476868
476922
476988
465913
465936
465523
465531
465569
465585
465635
283521
283634
283646
283701
283746
283772
283787
283801
283807
283814
851960
283955
283986
284053
284073
284515
284538
284570
284614
284647
284667
284701
284809
284872
284884
285079
284207
284330
284345
284350
284358
284410
284452
285885
466122
466151
466233
471756
471779
471848
471855
471868
471869
471931
471969
460339
473501
473525
473527
473599
473613
473633
473649
473667
473681
473713
473722
473731
473735
473747
462613
462620
462621
462645
462669
462713
462714
480505
480559
480576
480583
480585
480639
446704
446712
446716
446724
446752
446758
446778
446780
446852
446879
446886
446916
446962
447018
256060
256116
256121
256182
256188
256504
256599
256648
256661
256671
256719
256768
256800
256810
256920
256943
256946
256957
257013
257082
257155
257191
257202
257228
257306
257321
257351
257355
257396
257809
257820
257827
257831
257872
257977
1494903
257413
257464
257477
257546
257574
257651
257690
257776
258040
258103
258168
258201
258251
258254
258395
208307
208312
208842
244286
244291
244409
244486
244784
244923
244927
244940
244982
245001
245069
245072
245151
245166
245196
245262
245269
245303
245323
245402
245546
245556
245738
245769
246184
246214
246296
246297
246303
246312
246350
246816
246830
246862
246875
246902
246937
246402
246463
246490
246530
246556
246575
247312
513623
513667
513728
513748
513750
517004
517016
517021
517024
517036
517049
517079
517143
517175
517190
517193
517197
517241
513010
453990
460278
438382
438405
438440
438449
438477
438509
438551
438561
438593
438595
438610
438642
438660
438709
438732
438859
438961
438983
438997
439049
439052
439053
439067
439122
439206
439229
439241
439267
439390
439405
439412
439435
439440
439495
439563
439572
439574
439592
439694
1608469
439730
439783
439833
439841
439844
439854
439877
439942
355843
355862
355947
839168
356053
356055
356147
356150
356157
356216
356233
476672
476677
476692
476705
441774
441788
441823
441824
441848
441875
441927
441979
441998
422049
422070
422097
422205
422209
422255
422323
422324
422352
422357
422402
422462
422477
422495
422522
422557
422571
422581
422614
422633
422641
422661
422672
422682
422684
422685
422692
422724
422753
422771
422782
422793
422809
422834
422849
422917
422928
422969
422999
423058
423073
423082
423153
423177
423190
423228
423247
423287
760172
392060
392066
392086
392138
392160
392207
392227
392326
392329
392351
392438
392458
392559
392577
392581
392589
392655
392660
392686
392833
392893
392934
392964
392972
392979
360062
360081
360088
360172
360273
258494
258533
258551
258579
258596
258606
258631
258698
258716
258717
258753
258787
258844
258923
258944
258974
259022
259025
259052
259166
259185
259209
259215
259274
259275
259382
259407
259506
259529
259564
259569
259570
259582
259596
259616
259644
259815
259960
260126
260339
260373
260372
260413
260463
260504
260505
260520
260562
260595
260640
260654
260683
260711
260755
408325
408326
426944
426990
426994
427002
427101
427206
427213
427215
427220
427286
427287
427326
427398
427416
427421
427435
427438
427448
427509
427533
427538
427557
427584
427633
427723
427726
427755
427789
427884
427939
428008
428052
428059
428066
428081
428095
428234
428240
428265
428269
486014
486062
486219
486221
486246
489021
489034
489045
489070
489114
489156
489162
489163
489217
489219
489235
489247
484757
484858
484912
484974
483281
483300
483324
483334
483344
483345
483356
483426
483441
304039
304048
309131
309136
401301
401315
401339
401345
401460
401462
401472
401502
401547
401562
401576
401642
401656
401696
401700
401749
401846
401878
401908
401920
401951
401979
401995
402002
402011
402030
402081
402280
402416
402420
402425
402427
402430
402458
402470
402504
402625
402651
402681
402688
402692
402709
402834
402903
402971
402972
403090
403127
403174
403178
403210
403215
403237
403266
333622
333713
333905
332078
332084
332106
216582
216479
216482
216521
216555
216610
216808
216814
216916
217044
217053
217156
217165
217302
217309
217314
217371
217568
217607
217673
217713
217762
217883
217950
218005
218058
218072
218092
218112
218191
218210
218230
218232
218248
218296
218300
218303
218374
218444
320287
320302
320341
320396
320481
320574
320591
320594
320665
320667
320778
320785
320808
451031
451063
451064
451065
451116
451216
451222
451239
451240
451260
451263
451266
451274
451289
451339
451349
451386
233083
233153
233178
233273
233392
233398
233424
233515
233737
233747
233770
233783
233813
233843
233864
233890
233937
234105
234131
234285
234300
234379
235506
235516
1749256
235929
235972
235993
235998
235014
235030
235065
235069
235135
235267
235295
235301
235350
236060
241566
241730
241805
241823
241910
242035
242172
242213
242220
242277
492619
492679
492731
492747
494328
494410
494411
494460
494489
494493
501065
501070
501138
501146
501175
501233
501247
494768
494776
494814
494950
494951
501774
501804
501830
501853
501938
494003
494038
494064
494066
494140
494160
494225
495753
495755
495771
495790
495819
495826
495831
495844
495937
495963
495969
496769
496782
496795
496798
496808
496841
477652
477654
466545
466547
466707
466711
466741
471048
471085
471090
471093
471117
471195
471216
325501
325504
325520
325525
325532
325725
325833
335266
335296
335299
335310
335437
335438
335616
335673
335695
335852
334051
334245
334247
334260
334261
334281
334328
334423
334439
334443
334451
334634
334736
334769
333006
333060
333061
333068
333093
333094
333247
333276
333278
333311
333312
484521
484525
484526
484556
410396
410405
410408
410446
410497
410633
410675
410683
410722
410724
410803
410817
410833
410872
410929
410957
410979
411018
411141
411189
411195
411201
411218
411222
411227
411283
411298
411313
411337
411366
411520
411532
411543
411548
411588
411603
411605
411619
411630
411648
411652
411665
411705
411781
411790
411800
411851
411865
411914
411938
411961
411982
411988
442539
442557
442570
369857
370050
370060
370100
370106
370205
370405
370441
370465
370616
370637
370647
370653
370658
370663
370843
370848
370912
842096
370998
371013
469031
469049
469092
469114
469133
469144
195683
195705
195722
195723
195835
195772
195785
195929
196164
196173
196290
196336
196445
196461
196485
196565
196566
196608
196691
196775
196792
196832
197071
197134
197121
197158
197283
197343
197370
197526
197557
197568
197580
197594
197484
197782
197774
197640
197682
197754
197824
197831
197856
197912
197925
521636
521689
521707
521734
512598
512620
512677
512739
519754
519803
343516
343552
343819
343839
206014
206032
206034
206089
206177
206119
206128
206160
206225
206266
206508
206589
206442
206478
206493
206602
206614
206620
206634
206671
206926
206937
206955
206981
207368
207372
207297
207299
207275
207286
207119
207145
207171
207909
207798
207795
207714
207785
207986
208166
208512
208536
403415
403437
403446
403525
403584
403585
403598
403651
403666
403668
403690
214707
214772
214682
214688
214979
214994
214920
214802
214853
213714
213740
213686
214014
214285
214564
383563
383579
383588
383812
383831
383859
383882
383884
384022
384243
384300
384331
384366
384554
384565
384585
385017
385043
385252
385265
385273
385283
385295
385361
385365
385372
385391
385393
385396
385430
385443
385558
385663
386394
386405
386424
386531
386565
386570
386652
386657
386664
386833
386890
386898
386954
300588
300593
300596
300614
300645
300696
300741
297008
297065
297133
297154
297195
297321
297327
297330
297340
297395
311412
428383
428395
428517
428623
428766
428789
428826
428829
428831
428871
428876
428881
428888
428890
428942
428949
428955
428973
429010
429020
429061
429070
429077
429082
429143
429170
429199
429291
429299
429341
429421
429510
429534
429555
429602
429639
429648
429671
429730
429735
429844
328496
328574
328611
328613
328646
328785
328808
328829
328863
328960
322016
322330
458506
458513
452798
452805
452848
452850
452279
452297
452358
460919
460924
460933
460979
454258
454283
454391
454464
454469
454496
460507
460521
460523
460649
460696
460730
453512
453533
453562
453577
453736
447094
447101
447128
447149
447214
447269
447375
447379
447423
447438
447469
481396
481402
481419
481465
481469
481489
473754
473812
473831
473846
473940
473960
473972
473990
499723
493542
493569
493570
493623
493651
493684
493697
493744
496254
496307
496318
496343
496344
496352
496407
496446
498015
498040
498069
498229
498242
492016
492032
492093
492100
492103
492117
492139
492143
492149
492175
492205
492239
493309
493339
493353
493358
493433
493477
495291
495294
495310
495337
495342
495383
495459
494542
494546
494569
494570
494594
494601
494671
494714
236174
447508
447531
447533
447534
447560
447588
447597
447616
447618
447630
447637
447663
447684
447697
447717
447751
447771
447811
447833
447848
447903
447913
447984
447985
447989
447996
448028
448066
448070
448136
448147
448181
448246
448247
448304
448306
448315
448316
448338
448343
448416
448429
448449
448505
448515
448527
448543
448546
448549
448554
448562
448601
306781
307072
307099
307179
307193
307207
302503
302516
302526
302538
302554
302563
302626
302679
302685
302728
302762
302784
302809
302828
497366
497423
497457
500763
500768
500825
500830
500835
500935
500951
499562
499564
499592
396770
396846
396854
396868
396905
396906
396908
396936
397036
397072
397169
397393
397427
397465
397476
397478
397495
397526
397538
397553
397586
397655
397846
397939
397993
398006
398100
398168
398174
398180
398237
398279
398307
398478
398648
398651
398668
398732
398810
398860
398863
398881
398940
472691
475262
475266
475292
475303
475375
475377
475406
465662
465676
465702
465710
477266
477269
477297
477300
477317
477330
477340
263614
263645
263694
263697
263719
263721
263875
263882
263889
276032
276094
276192
276752
276812
276857
276941
277000
277030
277140
277532
277552
277641
277260
277281
277330
276255
276270
276277
276288
276306
276360
276370
276421
276493
278012
278064
278073
278082
278120
278142
278270
282451
282498
283098
283141
283147
283177
283202
283343
283351
283352
283406
283418
283516
424002
424022
424028
424058
424061
424069
424075
424081
424102
424155
424160
424206
424261
424337
424418
424425
424471
424527
424566
424579
424586
424672
424682
424689
424696
424749
424862
424876
424900
424903
424932
424964
425010
479035
479106
479140
479190
479207
479212
479239
473063
473108
473111
473118
473125
473177
473190
473203
473217
473219
473221
462017
462018
462080
462134
462153
462182
462185
462193
462227
453512
453533
453577
470256
470309
470364
470373
470380
470387
470463
470470
470476
470481
470499
479282
479312
479343
479361
479469
474007
404185
404192
404236
404237
404280
404284
367113
367186
367417
367425
367468
367475
367611
367636
367812
368007
368105
368213
368241
368293
368340
368341
368352
368395
368415
368418
368437
368483
368490
368492
368516
368599
368636
368660
368661
368694
368763
368772
368802
368822
368823
368889
368933
368936
369006
369007
369023
369031
369038
369047
369053
369273
369361
369371
369443
369459
369479
369635
369640
369657
369662
369849
197998
198052
198191
198216
198282
198448
198365
198641
198645
198656
483588
483627
483639
483677
483686
483694
487042
487059
487098
487101
487106
487206
487213
488309
488343
488393
488492
192619
192631
193669
193600
193738
193752
193795
193814
193925
193861
194036
194254
194313
194455
194581
194594
194674
194682
194788
194821
194826
194852
194926
195094
195418
195389
195524
195527
195587
195601
195606
195614
501538
501545
501552
501561
501570
501655
501715
501743
501744
501748
498528
498556
498585
498716
498738
498758
498773
498816
498877
498915
498948
498952
498986
496046
496100
496115
796125
496167
496171
496181
496188
496233
496239
501256
501337
501339
501346
501364
501365
501486
501500
492852
492855
492863
492901
493793
493802
493816
493910
493940
493977
500014
500072
500112
500157
500166
500224
500245
497513
497521
497534
360780
360789
360925
360933
360969
361014
361022
361215
361253
361432
361460
361509
361539
475410
475469
475476
478515
478539
478586
478679
478699
456775
456789
456839
456933
463755
463762
463763
463800
472765
472805
472822
472880
472927
472934
472993
467408
467456
454539
454630
453347
327736
327842
327852
327877
327909
327985
319372
319419
319426
319561
319574
319740
319824
319833
319871
319872
335022
335072
335096
335162
328103
328105
328149
328165
328184
328191
328205
328215
328262
328263
328318
328357
328399
328441
328462
328463
356241
356255
356272
356444
356520
356531
356537
356627
356645
356646
356678
356687
356702
356711
356740
356759
356793
356842
356847
357059
357088
357260
357287
357307
357436
357480
357573
357606
357647
357651
357663
357914
358032
358072
249523
249582
249590
248868
248952
248984
249164
249617
249660
249732
249776
249866
249881
249907
250604
250650
250780
250790
250855
405047
405108
442012
442017
442025
442036
442046
442177
442187
442194
442239
442242
442256
442269
442288
442347
442351
442354
442417
442435
442447
442452
442455
442459
404140
404154
404185
404192
253815
253847
253866
253931
253979
253982
253992
254016
254112
254146
254447
254451
254541
254601
254691
254800
254932
255012
255038
255050
255054
255065
255071
255161
255177
255222
255353
255449
255464
255528
256259
256275
256289
521110
521165
521185
521195
521202
521212
521217
521220
521240
521244
521297
521303
521329
521333
521394
462645
462669
469220
469231
468856
468903
468976
464383
464411
464424
460049
804815
456809
456908
456947
456970
358226
358279
358297
358302
358425
358465
358486
358545
358604
358705
358860
358892
358895
358906
359000
359035
359042
359070
359215
359261
359268
359329
359420
359459
359516
359527
359535
359536
359549
359550
359574
359655
359686
359744
359772
359857
359875
359905
308658
308660
308661
308720
308759
308765
308777
308807
308816
308917
308932
308937
315647
315757
315808
315836
315848
315903
315935
315939
315994
316033
316060
316123
316166
316177
316208
316283
316290
316303
316320
316345
316385
316405
316436
316444
316453
316506
316526
316529
316544
316632
316666
316723
316724
316743
316803
316831
316840
316843
316851
316891
476728
479787
479802
479805
479826
479851
479890
479901
479933
473312
473316
473335
473434
473442
473455
481006
481020
481037
481039
481122
481127
481187
481191
481216
481240
481241
445133
445240
445257
445344
445346
445361
445372
445388
445396
445440
445456
1695029
445513
445531
445544
445556
445559
294240
294272
294279
294304
294351
294379
295362
295407
295410
295480
295483
295562
295594
295671
295717
295760
295821
295842
295893
295922
295929
296056
296111
296158
296168
296216
296236
296262
296274
296304
296314
296343
296380
296497
296507
296572
296580
296593
296619
296635
296712
296801
296838
296867
296875
296894
296896
455376
440171
440195
440236
440320
440349
440369
440486
440512
440553
440563
440592
440622
440650
440665
440666
440693
440695
440766
440772
440777
440812
440830
440943
440973
441018
441081
441120
441129
441144
441153
441217
441219
441228
441237
441247
441250
441292
441305
441325
441441
441506
441509
441535
441622
441656
441659
441671
441672
236646
236722
236754
236818
236832
236978
236991
237045
237174
237202
237222
237293
237515
237611
237646
237673
237732
376869
377109
377142
377156
377168
377169
377180
377224
377266
377273
377280
377290
377426
377480
490791
490798
490870
490888
490914
490952
490963
490966
490977
490993
486256
486259
486265
486289
486317
486362
486394
486406
486485
482006
482022
482035
482041
482049
482063
482091
482188
482843
482845
482881
482914
482928
482929
482970
482985
491798
491804
491921
491931
491970
484037
484042
484057
770504
484084
484092
484128
485795
485834
485848
485870
485963
487521
487522
487524
487548
487645
487664
518138
518146
518177
518197
518231
518243
516255
516296
516297
516314
516481
518332
518346
518350
518383
518437
518461
521503
521542
521545
521570
521573
521605
309472
309486
309504
309539
297422
297477
297515
297535
297567
297604
297673
297679
300825
300836
300883
300897
300945
301054
301075
301078
301134
301155
301187
301188
301250
310081
310212
310220
310246
310301
310337
310402
310475
310493
515415
515462
515486
514547
514578
514634
514652
407758
407763
407847
407851
407921
408013
408124
408138
408139
408140
408218
408230
408246
408286
338071
338073
338213
338294
338402
338481
338514
338543
338546
338612
338670
338829
338835
338911
338931
339051
339059
339077
339094
339112
339218
339222
339255
339280
339339
339391
339403
339601
339630
339634
339826
339868
339931
339968
340027
340095
340153
340155
340156
340165
340194
340227
340364
340404
340599
340603
340871
340925
340951
340952
340965
387529
387551
387553
387560
387568
387601
387612
387625
387674
387901
387905
387920
387942
387967
117186
1638335
388046
388058
388061
388065
388088
388126
388132
388144
388192
388253
388260
388267
388278
388384
388415
388416
388425
388441
388456
388463
388468
388507
388682
388696
388701
388712
388731
388761
388804
388822
388877
389024
389197
389245
389297
389301
389309
389317
389419
389421
389429
389478
389607
389641
389647
389711
477396
477484
469297
469457
466270
466278
466389
466393
466401
466453
470659
476258
476293
476323
476326
476332
476335
476340
476344
409792
409798
409832
409838
409853
409901
409908
409914
409961
410040
410047
410082
410139
410172
463285
684634
463420
463448
463450
463494
461753
461759
461765
461777
461790
461814
461847
461905
470765
470822
470840
470916
470921
470927
470978
470984
477762
477766
477822
477823
477845
477881
477949
477992
477999
472033
472100
472108
472109
472127
472152
466777
466784
466932
466941
466972
466984
466995
459011
459020
459066
459086
459088
459093
459106
459150
459151
459156
459199
459200
476508
476509
476559
476561
476601
476634
380666
380713
380734
380758
380784
380787
380790
380799
380861
380895
380898
380924
381024
381049
381055
381127
381216
381235
381283
381417
381462
381483
381515
381661
381719
381740
381758
381861
382008
382046
382078
382112
382193
382205
382228
382249
382450
382464
382489
382614
382617
382673
382725
382755
382763
383060
383117
383425
383462
190999
191021
191126
191155
191173
191196
191382
191541
191560
191611
191627
460302
4725
460471
460478
460497
455775
455848
455865
460068
460096
460183
460219
456830
456903
455039
455041
455052
455071
455073
455104
456122
289432
289470
289471
289492
289553
289581
291727
291808
291856
291870
291883
290810
290905
293065
292148
292181
292183
292198
292209
292232
292273
292719
292755
344739
344745
344769
344821
344826
344866
344902
344920
344927
345027
345035
345214
345219
345228
345237
345249
345252
345369
345408
345471
345475
345496
345536
345849
86938
348118
348285
348321
348366
348389
348536
348575
348622
444059
444073
444099
444118
444134
444230
444231
444244
444278
444330
444354
444387
444409
444420
444473
444488
444536
444570
444636
444639
444653
444655
444718
444721
444731
444790
444839
444850
444854
444881
444892
444911
444933
444948
444956
445058
445063
445082
445091
445096
445108
445122
318412
318430
318601
318687
318856
320011
320113
320177
429886
429908
429929
429949
429999
430004
430068
430091
430172
430202
430220
430249
430267
430320
430340
430343
430385
430437
430458
430463
430470
430541
430547
430570
430572
430575
430576
430679
430688
430698
430769
430803
430829
430897
430911
430916
430957
430977
431079
431089
431114
431115
431152
431189
431234
431256
431328
431337
431368
431371
431385
431414
431435
431445
431481
236199
236222
236253
236266
236272
236284
236322
236419
236449
236533
237754
237785
240401
235993
235998
235014
235065
235295
236086
236101
211423
211426
211631
211639
211724
211791
211971
211986
211991
211894
212070
212107
212176
212370
212307
319160
319166
319184
319200
319210
319234
319346
320812
320861
320894
320927
316208
316743
316894
316926
518739
515055
515068
515151
515193
515195
515216
515241
520007
520011
520030
520061
520148
520149
520194
520211
520228
519030
519055
519090
519094
519095
519134
519142
519166
519203
516524
516544
516545
516564
516596
516732
516755
516770
516775
516778
516782
516793
516847
516864
516865
516911
516929
516934
521005
521010
521013
521025
521062
321462
321468
321491
321614
321618
321648
321718
321769
321792
321835
321850
326064
326118
326258
326293
326427
326470
326535
326770
326773
330036
330039
330041
330049
330053
330091
330099
330120
330208
330287
330320
330333
330454
330462
330530
330565
379886
379919
379945
379957
373004
373028
373040
373073
373086
373140
373152
373172
373218
373252
373442
373567
374855
374901
374908
374913
374935
375018
375036
375045
375085
375112
375250
375254
375268
375328
375331
375342
375344
375401
227711
227733
227742
227823
227839
228438
228444
228472
228493
229059
229060
229087
229093
229571
229897
229933
230019
230023
230054
230136
230497
230541
230579
230647
230671
230670
230699
230756
463126
463185
463194
466012
466028
466079
466184
466208
466222
471835
471848
471855
471868
471869
471881
471917
471920
396479
396489
396498
396516
396552
396576
396582
396593
396608
396650
396686
396755
463832
463842
463905
463932
463985
463991
467261
467276
467288
467301
467408
467456
467479
454539
454630
453256
453472
453498
458782
458888
458991
455052
455071
455073
455104
455105
455168
455174
456009
456013
469301
469310
469315
469324
469335
469353
469360
469369
469376
466329
466344
466389
466393
466401
466453
470501
470522
291579
291614
291636
291651
291692
293275
293278
293292
293295
511092
511098
511122
511204
511231
511300
511315
511332
511344
511376
511395
511401
511447
511514
511547
511569
511582
511593
511596
511598
511645
511703
594768
510763
510765
510768
510782
510878
510903
510909
510911
510921
510961
510979
510983
499757
499793
499865
499910
499912
499918
499959
499967
495006
495008
495126
495153
495183
495191
495241
497004
497041
497057
497064
497087
497092
497157
497205
497231
497242
497247
492291
492316
492354
492367
492453
492488
493014
493021
493095
493125
493216
497265
497277
497353
198507
198524
198544
198872
198879
198737
198746
198760
198805
199060
199695
199481
199552
199854
199918
199930
199721
199784
199824
200557
200632
200633
200635
200472
200419
200457
200287
200289
200222
200226
200007
230647
230671
230670
230756
232260
232559
232576
232623
232643
435236
435248
435254
435304
435345
435376
435397
435416
435452
435508
435526
435594
435606
435649
435665
435675
435676
435688
435697
435700
435729
435743
435814
435861
435941
435948
435963
435978
436033
436063
436095
436285
436313
436351
436395
436447
436555
436571
436579
436623
436700
242314
242363
242386
242395
242636
242663
242729
242818
242844
242918
242939
243004
243065
243080
243264
243319
243320
243359
243373
243422
243605
513158
513173
513203
513208
513209
513211
513236
519521
519523
519532
519555
519575
519586
519590
519623
519653
519662
519679
519680
519685
519689
514019
514028
514037
514062
514071
514072
514121
514199
514230
514240
514241
520764
520775
520824
520870
520884
520907
520917
520953
520974
518536
518576
518633
518641
518658
518660
518694
317801
317834
317835
317850
317032
317077
317101
317132
317136
317137
317247
317325
317331
317356
317379
317414
317432
317511
317515
317725
318142
318167
318273
433519
433520
433525
433585
433627
433639
433640
433693
433708
433714
433730
433796
433805
433830
433925
433933
433936
433951
433995
434030
434074
434125
434141
434186
434201
434333
434354
434378
434415
434446
434457
434462
434488
434508
434517
434525
434593
434607
434622
434630
434648
434701
434767
434774
434843
434855
434926
434994
435005
435020
287674
287690
287695
287731
287756
854648
282342
282344
282357
282399
282411
282451
282498
285429
285494
285639
285656
285685
225765
247577
247088
247091
247166
247191
247217
247226
247240
245840
246001
246016
248415
248487
248591
250002
250031
250085
250104
250205
250241
250294
248003
248021
248019
248053
248134
248201
247674
247694
247746
247800
247829
247860
249209
249246
249254
249277
249338
249396
249426
249430
475544
475604
475605
475627
475656
475705
475721
475742
475748
478263
478273
478279
478294
478312
478318
514690
513751
513755
513768
513792
513820
513850
513856
513901
513909
513930
513934
513991
512752
512836
512852
512859
512915
512953
512982
512995
515510
515571
515603
515634
515641
515644
515667
515668
515713
515736
517515
517533
517539
517569
517593
517666
517673
517689
517748
517749
514886
514936
514960
514994
513529
513535
513544
513587
513590
499167
499171
499194
499207
504761
504856
504859
504876
504877
504887
504888
504928
504929
511751
511823
511832
511838
511885
511926
511936
511988
512000
510267
510289
510303
510309
510428
510431
511033
511036
519835
519853
519940
519952
519979
519995
517252
517257
517294
517426
517441
517460
517471
517475
517478
516059
516079
516102
516134
516199
516200
516209
516247
518815
518831
518836
518846
518874
518902
518921
518957
518975
518990
518997
520287
520337
520346
520397
520466
515252
515337
515347
408925
408930
408960
432020
432101
432109
432152
432182
432193
432197
432249
432331
432339
432351
432423
432474
432500
432502
432509
432523
432534
432610
432616
432620
432636
432665
253488
253491
253495
253689
253692
464097
464108
464174
464193
464204
464244
475763
475785
475788
475789
475872
475920
475927
475933
475970
475993
462253
462260
462293
462296
462351
462399
462414
462433
462458
462477
462492
462493
472287
472318
472326
472362
472455
472474
479006
330653
330724
330732
330749
330844
330914
329045
329067
329093
329139
329167
329168
329183
329186
329188
329225
329257
329289
329362
329428
329433
329461
329488
329556
329575
329596
329667
329680
329721
387005
387042
387050
387105
387126
387168
387222
387227
387298
387409
387450
387471
469231
468786
468805
468813
468814
468856
468903
468962
468963
471253
471292
471337
471355
471418
471432
471471
464266
464340
464345
464445
464494
474504
474508
474517
474568
474570
474578
474607
474621
474684
474727
474743
634490
480319
480336
480342
480440
460068
460096
472522
472532
472537
472545
472564
472587
472626
472627
472669
352691
352801
352825
588073
860832
983646
353107
353131
353194
353205
353210
353275
353280
483457
483495
488018
488140
488149
488206
488208
488219
490278
490378
490470
490471
490477
490480
490495
500331
500425
500478
500500
492507
492515
492546
492571
492580
492596
188315
375562
375634
375658
375802
375831
380011
380142
380246
380305
380328
380407
380409
380417
380450
477005
477007
477009
477015
477041
477068
477089
477114
477135
477150
477155
477193
459795
459805
459861
459931
459937
459951
459965
478759
478808
478858
478873
478934
478948
478949
478967
478972
480003
480039
480069
480070
480080
480130
480149
480154
480174
480185
480212
467553
451569
451584
451620
451652
451672
451697
451723
451829
451914
451994
451995
451996
390429
390436
390461
390483
390510
390641
390652
390676
390705
390802
390803
390807
390808
390849
390883
390916
390933
390936
390965
390975
391070
391074
391081
391104
391126
391329
391333
391365
391654
391667
391803
391893
391918
391931
391935
445641
445675
445695
445732
445745
445788
445806
445828
445850
445868
445898
445903
445981
446046
446100
446156
446163
446213
446223
446224
446231
446283
446284
446333
446363
446373
446378
446381
446394
446452
446488
446490
446491
446507
446521
446526
446548
446606
446647
314108
314227
314248
314263
314286
314310
314374
314416
314418
314446
314462
314465
314513
314531
314561
314616
314679
314694
314734
314757
314759
314788
314816
314825
314851
314857
314899
314902
315018
315030
315058
315060
315121
315220
315293
315310
315350
315428
315453
315481
310705
310742
310765
310830
310847
310867
310893
310905
310924
310980
310990
311042
311044
311049
311128
423289
423329
423394
423402
423407
423449
423453
423457
423489
423528
423538
423598
423605
423615
423736
423770
423782
423810
423886
423888
237816
237829
237926
238063
238163
238219
238263
238273
238290
238300
238364
238453
238465
238497
238535
238551
238571
238575
238689
238832
470159
470194
457591
457629
457647
457654
457659
457699
457709
452076
452098
452100
452175
452176
464516
464541
464545
464566
464595
464625
464716
464739
464744
464749
467041
467047
467055
467057
467069
467075
467093
467184
467188
477517
477519
477523
477547
477576
477589
477619
477639
309539
309582
309628
309715
309792
309794
309838
309851
309878
309888
309981
306661
474252
474257
474265
474281
474283
474322
474457
474482
458991
455174
456122
456149
456171
456212
456217
456220
456236
479505
479569
479603
479661
479662
479676
479721
458624
458684
458716
452798
452805
452848
452850
452976
452979
464048
464064
464069
439960
439981
440017
440045
440083
191871
191933
191967
192055
192124
192145
192175
192301
192409
192427
193397
193131
193144
193126
193059
193073
193055
192997
192963
192689
192805
192763
193295
193349
193265
193266
193282
406353
406369
406531
406552
406581
406605
406672
406712
406747
406753
406871
406874
406896
407083
407084
407127
407166
407178
407222
407225
407291
407305
407313
407327
407336
407437
407489
407525
407533
407546
407637
407699
407707
407721
407728
442623
442679
442681
442709
442733
442754
442755
442760
442763
442764
442799
442819
442853
442873
517135
442894
442903
442911
442944
442972
442990
443021
443036
443054
443091
443123
443147
443162
443221
443228
443248
443290
443361
443379
443391
443417
443420
443430
443454
443486
443514
443530
443551
443553
443579
443582
443639
443669
443671
443759
443783
443784
443804
443816
443823
443842
443854
443870
443871
443887
443896
443916
443924
443996
443997
443998
444035
444036
444039
444049
425042
425052
425069
425070
425072
425115
425130
425134
425140
425181
425186
425251
425271
425312
425347
425374
425385
425400
425402
425404
425405
471939
471955
462558
462559
462570
462613
462620
462621
482555
482563
482579
482586
482596
482598
482670
482750
485039
485047
485075
485092
485105
485159
485162
485170
485193
485219
487334
487336
487349
487356
487442
487775
487807
487826
487831
487882
859990
487951
487963
487976
487984
489777
489816
489893
489896
489956
491059
491144
491154
491179
491207
491550
491558
491568
491571
491670
491716
483009
483017
483043
483053
483079
483089
483097
483102
483176
521427
521428
521755
521766
521776
449589
449593
449598
449699
449719
449721
449803
449808
449853
449860
449861
449886
449922
449949
449962
449966
449982
461155
461179
461202
461204
457759
457767
457775
457785
457801
457913
457918
457927
457937
457964
454017
454066
454088
454123
454223
454242
454244
457260
457279
457330
457337
457345
457346
457415
457483
457489
458252
458296
458307
458312
458318
458321
458326
458428
458439
458450
461847
461905
459086
456549
456582
456601
456606
456699
456717
456734
455256
308318
308416
308422
308454
308459
308638
308641
